1000874
1000913
1000933
1001118
1001922
1003946
1004769
1007579
1007793
1008155
1008811
1011602
1014762
1015492
1018097
1018434
1020363
1023431
1023533
1023876
1024032
1024211
1024245
1024828
1024840
1026257
1027498
1027807
1029826
1030586
1031170
1031189
1033599
1033976
1035115
1037735
1041323
1041531
1042528
1042930
1043263
1043454
1044342
1045325
1045397
1045533
1049267
1055414
1055531
1056640
1058698
1061209
1065176
1068441
1069535
1069878
1074026
1075105
1076019
1078013
1078517
1079818
1081123
1085636
1088374
1089696
1090373
1092600
1093772
1094421
1096539
1099896
1100060
1100102
1100735
1101467
1103251
1103376
1104675
1109461
1110222
1111135
1112200
1112401
1113254
1114403
1114860
1115586
1115753
1119402
1119499
1122386
1122887
1123159
1125176
1125537
1127686
1132332
1132545
1132550
1133207
1134519
1134651
1136458
1138486
1140955
1141127
1142624
1142713
1147915
1148062
1149431
1149461
1152119
1152516
1152974
1154448
1155643
1159822
1159862
1160106
1160898
1161693
1162014
1162562
1163214
1166081
1166225
1167682
1169910
1170604
1172697
1173674
1175129
1175655
1176943
1179791
1182624
1184144
1184344
1184472
1185651
1189742
1190232
1191513
1194969
1196992
1197226
1202390
1205153
1206509
1208453
1211535
1211601
1211820
1212559
1214577
1214771
1215592
1215777
1215952
1217922
1225333
1226143
1226888
1227225
1229894
1230558
1231349
1231436
1234078
1234468
1237044
1237447
1240006
1240732
1241264
1242629
1244139
1246395
1247012
1247533
1249553
1250337
1251030
1251105
1253569
1254887
1258379
1259430
1261638
1262418
1262669
1265524
1266478
1268093
1275283
1277417
1278972
1279488
1287139
1287161
1289932
1290428
1292362
1292800
1297029
1297510
1297705
1299035
1299139
1301282
1304198
1305335
1306832
1307984
1310540
1312683
1312830
1314770
1315787
1315946
1316991
1319629
1319679
1320014
1324134
1327473
1328444
1328582
1330360
1330835
1331502
1331866
1332234
1335723
1336575
1339268
1339422
1340094
1341485
1341783
1343150
1344517
1345371
1350002
1350436
1350847
1352540
1354970
1355022
1357236
1358369
1358675
1359466
1359476
1359704
1362152
1364522
1365296
1370761
1376534
1378803
1380131
1382300
1382509
1384020
1384808
1385318
1390665
1391636
1391734
1392791
1393453
1394790
1395260
1395668
1397711
1399438
1401928
1403125
1403186
1412398
1412690
1414401
1414579
1415181
1416226
1416405
1416609
1416730
1418129
1418472
1418753
1419081
1421284
1422053
1422464
1427141
1430526
1433555
1434551
1436606
1437642
1440965
1441920
1444683
1451049
1454085
1455228
1455466
1460131
1460709
1462058
1463880
1463971
1464229
1464231
1464636
1465481
1470890
1470943
1473798
1479217
1488651
1489014
1489054
1491086
1492704
1493177
1493266
1494870
1494921
1498185
1498283
1498380
1506481
1507898
1509877
1511023
1515925
1516557
1518031
1521632
1523124
1524425
1524806
1526881
1526996
1528276
1530075
1534482
1534990
1537703
1539022
1540545
1540735
1541218
1542296
1542676
1543804
1547489
1547608
1550102
1551085
1551188
1554609
1555303
1556032
1560019
1561512
1562172
1563031
1563677
1563682
1564934
1565709
1566439
1566571
1567100
1567316
1576429
1576760
1578093
1578281
1583290
1586354
1588802
1589597
1591919
1596792
1598783
1601677
1602580
1603428
1604124
1605302
1607530
1607629
1607921
1608441
1611482
1612945
1613850
1614897
1615212
1615357
1615597
1616479
1619083
1619367
1620506
1622448
1624202
1626839
1628572
1630230
1630479
1632608
1632778
1633276
1634484
1638511
1639803
1640927
1642974
1643930
1646069
1646272
1647923
1649582
1654214
1660934
1661015
1662394
1663930
1666723
1670250
1672248
1674681
1676163
1686108
1693326
1693864
1694880
1695592
1696963
1697274
1697445
1699312
1700610
1701682
1701866
1702992
1704359
1707454
1709721
1710682
1711471
1713159
1715911
1719606
1720149
1720241
1720970
1721466
1724980
1729824
1730272
1731293
1732184
1733608
1733798
1733877
1735666
1738358
1739584
1742025
1743434
1745304
1745899
1750415
1751587
1751789
1757019
1758231
1759737
1762912
1768076
1768442
1768463
1770162
1770896
1771207
1775810
1776980
1778518
1781799
1782287
1783191
1784088
1785864
1786241
1786314
1787509
1804961
1806199
1808430
1809532
1809771
1811740
1812711
1813633
1813995
1815465
1815584
1817668
1820188
1821116
1821485
1822465
1825460
1826909
1828802
1828862
1829229
1831064
1833809
1838454
1841082
1842531
1844039
1844246
1844855
1847593
1848223
1848399
1849348
1849437
1849659
1850376
1850870
1852185
1853304
1853525
1854794
1855141
1856568
1858568
1860708
1864757
1865655
1867178
1868837
1870904
1872458
1872470
1873132
1875276
1875577
1875886
1875977
1876690
1880528
1880631
1882398
1882570
1884376
1885727
1888009
1889964
1890169
1890811
1891430
1893300
1893741
1894837
1896822
1898207
1900709
1900884
1901828
1901968
1902960
1903969
1904113
1905047
1906183
1906222
1906399
1906577
1907874
1908627
1912871
1913640
1913836
1914247
1920040
1923125
1925088
1925460
1927012
1927288
1928427
1929025
1932353
1932949
1934509
1937159
1937633
1942489
1942774
1942852
1944810
1948411
1948546
1949462
1949630
1954357
1954390
1954542
1954821
1957004
1957407
1958001
1962040
1962915
1963056
1964614
1965929
1966147
1968556
1968754
1969966
1976164
1983295
1983503
1984104
1984177
1986134
1987593
1988042
1989199
1991942
1993622
1993716
1996934
1997433
1998808
1999180
1999585
2003965
2006951
2009243
2013341
2014415
2018533
2019004
2019607
2019615
2021188
2022309
2022949
2023840
2027676
2028258
2029980
2031545
2033800
2035692
2037099
2039856
2040402
2042544
2045926
2046960
2049826
2050458
2050614
2050941
2050999
2052635
2054020
2057214
2058930
2061464
2062051
2064464
2065141
2065860
2066235
2066686
2072793
2075574
2076004
2077192
2082699
2083620
2084300
2084482
2084768
2084943
2087987
2088126
2090345
2092287
2094216
2095375
2099267
2109516
2111014
2114910
2114976
2116307
2117217
2118331
2119326
2119504
2123283
2124961
2125468
2125535
2128465
2129678
2129899
2132412
2134609
2137298
2137827
2138170
2140564
2140768
2142676
2143264
2148076
2148148
2150689
2152021
2154565
2159712
2160572
2163387
2164874
2165264
2166733
2169858
2172632
2175294
2177824
2177860
2178185
2178310
2179917
2183404
2183966
2184109
2184455
2185029
2185487
2186031
2188583
2189767
2189887
2192861
2193499
2194294
2194306
2195959
2197324
2198324
2198591
2204943
2205493
2205857
2205897
2207956
2209071
2210764
2211568
2211912
2214083
2215466
2220546
2221378
2223083
2223945
2225204
2227562
2230834
2235008
2236122
2237986
2238072
2239708
2244641
2246493
2247127
2247465
2248437
2248958
2250367
2256166
2256949
2257477
2257746
2259774
2262671
2262798
2268149
2268636
2270863
2271681
2276161
2276365
2277048
2277067
2277535
2277967
2280128
2285018
2285995
2286372
2286811
2286910
2291807
2292396
2292769
2294157
2295269
2299522
2300568
2300715
2301827
2304107
2308859
2309617
2310129
2311652
2311964
2311974
2312852
2313890
2315426
2321512
2327744
2328826
2329630
2331129
2333841
2333976
2334194
2335448
2335579
2335879
2338080
2339623
2340537
2342010
2342898
2355406
2359408
2364028
2369153
2369938
2371141
2372467
2372747
2373195
2373339
2375163
2375641
2376439
2377801
2378661
2380908
2382710
2385456
2386062
2386912
2387437
2389026
2392260
2392704
2394147
2399749
2400705
2401051
2403414
2406020
2406452
2409649
2413775
2414192
2414276
2417363
2418103
2419947
2420831
2421400
2422646
2425562
2425769
2427083
2428883
2429019
2429356
2430512
2430610
2433852
2436432
2437168
2439591
2441698
2443458
2444134
2448854
2448889
2450043
2450968
2451201
2454165
2455783
2456123
2458738
2460560
2462903
2463887
2464582
2464693
2470362
2471560
2471603
2471663
2471940
2472617
2473042
2474353
2474803
2476579
2478946
2480472
2481703
2484138
2485928
2486172
2486229
2487575
2488548
2489154
2491654
2492001
2492127
2494663
2494917
2496273
2498357
2500082
2500622
2501245
2504570
2504634
2505816
2506681
2507650
2515280
2517187
2517799
2520941
2523651
2523925
2524510
2531704
2536508
2536958
2539254
2543145
2547113
2547179
2549152
2549277
2552122
2552372
2553403
2555683
2557615
2558097
2561236
2561810
2563377
2565383
2566776
2567354
2571550
2574249
2575438
2575680
2576871
2577624
2578517
2579331
2580094
2580612
2581947
2583386
2584110
2584562
2585747
2586586
2588132
2588358
2593981
2595018
2595323
2595338
2599733
2600044
2602518
2602850
2604012
2604396
2605163
2605532
2606709
2608496
2615979
2619341
2621980
2622082
2623268
2624164
2624226
2624769
2624919
2626502
2627052
2627905
2628948
2630679
2631933
2632838
2634736
2635650
2636010
2636644
2637849
2638198
2638550
2639868
2642893
2644594
2647569
2647831
2647931
2649029
2649852
2651077
2651902
2651933
2654853
2655549
2658735
2660827
2664149
2665390
2665445
2666108
2666765
2670031
2670124
2670836
2671690
2672726
2673247
2673521
2673536
2682388
2682777
2683492
2690270
2690901
2691439
2691922
2692626
2694005
2694374
2695946
2697442
2700464
2705401
2706463
2707287
2714363
2716285
2719032
2720410
2720662
2721124
2721625
2722338
2722471
2723197
2724531
2726403
2726984
2728035
2730911
2731995
2732060
2737912
2740957
2742213
2743410
2744676
2745163
2747004
2747531
2748006
2748228
2749197
2750010
2750571
2750844
2753378
2756350
2756681
2757421
2757746
2762909
2768564
2769635
2770631
2770926
2775921
2779302
2780216
2780647
2781304
2785275
2785584
2788145
2791403
2794087
2794289
2794366
2795529
2796370
2797529
2802965
2804591
2804986
2811101
2811106
2811749
2812621
2812751
2814051
2815582
2816475
2818586
2820576
2822199
2823619
2824239
2824263
2825199
2825432
2827124
2827573
2828152
2830220
2831738
2833500
2840196
2841321
2841422
2842070
2842254
2844581
2844642
2844790
2846809
2847070
2851512
2855744
2856262
2858242
2858260
2859831
2860786
2862621
2863472
2865074
2870026
2871425
2874655
2878482
2886391
2887623
2888796
2889003
2892031
2893316
2894441
2896074
2897865
2902097
2903408
2904407
2904963
2906150
2906978
2907720
2908193
2908534
2910648
2912684
2920119
2922527
2922809
2926412
2926460
2927757
2932720
2933142
2933752
2937486
2939846
2941997
2943953
2944643
2947613
2947918
2949083
2952744
2953512
2954144
2954422
2956757
2956934
2957117
2957278
2957430
2962517
2962539
2962699
2963443
2965076
2966011
2966048
2966747
2968933
2971020
2971463
2971502
2972343
2972381
2972635
2972662
2973312
2973367
2974559
2975986
2976596
2978279
2980031
2981609
2983639
2989223
2989745
2989792
2992510
2992598
2995494
2996212
2996296
2996573
2996613
2998187
2999402
3000988
3001553
3002893
3005620
3006523
3008514
3008805
3012197
3012919
3018350
3020104
3020286
3023057
3025570
3027611
3028173
3028312
3029546
3030237
3030568
3031060
3032008
3034377
3035069
3041536
3043216
3045388
3046586
3048409
3048524
3048790
3050170
3053767
3054287
3054939
3063576
3063760
3066108
3066687
3071269
3071874
3072560
3073257
3073846
3075639
3075763
3076908
3077542
3078513
3080761
3080768
3081069
3081591
3081924
3082200
3083281
3083675
3084033
3084697
3086535
3086711
3088478
3089198
3089816
3090392
3094893
3094958
3095013
3096307
3096510
3097658
3107901
3108540
3113689
3113983
3114136
3114433
3116189
3116860
3117388
3118509
3127214
3128583
3129159
3132822
3133100
3133840
3135896
3137137
3140158
3147190
3149544
3149802
3151475
3151856
3158065
3160293
3161690
3162594
3163838
3164448
3164593
3165146
3167835
3168404
3169723
3169760
3170829
3171946
3174437
3174647
3175494
3177872
3179675
3181244
3183331
3185511
3191684
3193181
3193490
3194818
3196007
3196069
3199455
3203404
3203843
3204862
3205862
3209051
3209084
3210506
3211582
3212444
3213519
3214193
3214283
3214642
3217755
3217777
3218365
3218383
3222761
3222821
3223452
3224169
3224266
3225834
3227722
3229221
3229921
3234932
3235268
3240032
3242890
3246411
3246770
3247688
3247870
3247951
3248805
3252290
3253743
3256609
3259606
3262002
3262503
3263069
3263772
3270743
3271736
3277286
3277451
3277579
3283071
3284501
3287270
3287633
3287812
3288421
3290370
3290697
3291491
3292551
3292908
3293470
3295128
3297527
3297665
3298884
3299159
3305611
3306229
3307007
3307330
3307830
3309694
3311254
3314413
3315030
3317335
3318669
3319381
3322198
3323697
3325033
3328174
3328507
3332308
3332369
3335662
3338395
3338470
3345254
3346903
3348263
3351846
3353062
3353375
3355514
3356010
3359508
3359785
3362452
3363078
3363651
3369817
3371466
3373103
3375201
3375430
3376138
3378108
3379495
3380194
3381530
3386567
3387275
3387421
3390257
3396185
3397865
3399920
3403814
3404188
3405668
3406746
3407469
3408747
3409550
3412622
3414978
3415489
3416712
3417118
3417837
3418315
3420952
3422031
3423427
3424170
3426752
3428031
3428176
3431485
3434676
3436650
3438436
3439159
3440058
3441653
3441819
3442253
3448617
3449095
3450694
3453461
3455162
3456556
3456876
3458428
3468761
3468763
3470136
3470538
3471675
3471790
3472280
3473616
3479345
3483437
3485197
3486589
3487979
3488144
3492144
3499374
3502005
3502839
3502898
3505305
3506683
3508120
3510280
3511982
3512287
3516060
3518352
3518478
3522282
3522927
3523129
3524419
3524970
3525692
3526807
3527463
3532066
3534950
3536027
3536366
3537369
3538471
3539659
3540534
3540825
3541450
3541508
3542107
3542233
3543419
3545162
3545712
3546224
3552289
3552548
3553025
3555082
3560150
3561871
3564060
3564550
3567974
3569257
3569599
3569861
3572087
3574257
3574921
3577016
3580957
3581082
3584983
3585011
3591850
3594938
3596475
3597259
3601619
3602232
3603116
3603207
3606541
3607321
3616877
3617235
3617912
3619108
3619406
3619420
3620334
3620888
3624783
3627482
3630175
3634410
3635219
3635364
3635703
3638285
3638737
3643254
3648220
3649188
3651922
3656806
3658225
3662776
3662795
3663157
3663813
3664423
3665363
3666226
3668551
3672466
3673168
3673275
3674102
3674967
3677877
3677960
3680340
3680347
3681594
3682886
3685459
3688079
3688243
3688916
3692864
3694928
3695870
3697491
3698328
3698414
3698605
3704110
3704285
3705026
3706590
3706697
3707934
3708302
3708631
3709188
3709211
3710606
3711009
3711243
3711498
3711898
3712875
3713018
3714250
3715522
3716556
3717455
3717603
3721834
3722452
3723136
3725526
3726858
3729620
3732121
3732786
3733215
3735963
3737002
3745508
3746830
3748415
3753599
3755704
3755733
3759282
3760214
3760488
3761451
3762625
3762765
3764670
3765140
3766476
3768391
3770016
3772126
3773303
3774755
3775318
3777772
3779455
3780412
3782109
3782979
3784354
3785541
3785684
3785980
3787437
3788735
3791889
3792939
3793109
3796846
3798539
3799868
3803190
3805726
3808237
3808805
3811188
3811950
3812490
3813878
3814737
3814994
3817401
3820529
3821110
3821405
3822159
3822291
3825126
3825534
3829231
3830129
3830241
3830298
3830439
3831956
3832678
3834525
3835102
3837773
3838616
3839090
3839772
3841385
3841751
3844205
3844822
3846999
3847219
3847242
3849741
3849774
3852324
3854691
3854962
3856584
3859148
3863047
3864427
3866009
3866187
3866253
3869601
3871076
3872748
3874229
3874518
3878033
3878319
3881936
3882294
3883180
3883272
3887538
3890284
3891834
3894485
3895491
3896360
3899315
3899987
3899996
3900959
3902510
3903238
3906002
3906353
3906990
3907437
3908045
3908464
3909246
3910777
3913530
3916713
3918102
3918904
3919792
3921053
3921135
3921282
3921749
3922167
3923339
3924250
3924374
3925111
3925930
3928100
3929010
3930402
3934012
3935800
3938547
3939063
3939193
3939539
3944128
3944787
3945600
3945741
3950331
3956803
3956812
3956873
3957308
3957612
3957983
3959902
3962511
3965097
3967583
3968021
3969097
3970072
3970118
3973855
3974828
3976303
3976374
3981073
3981382
3983901
3984427
3986912
3987970
3988224
3994540
3994984
3995040
3996194
3996590
3996649
3997247
3998813
4001097
4002332
4003451
4004258
4006698
4008365
4008665
4009322
4011591
4011674
4012778
4015430
4016516
4018149
4023022
4024205
4024763
4024779
4025047
4025142
4025461
4027079
4027833
4028271
4031385
4032251
4032816
4036757
4036766
4038105
4041712
4043909
4045507
4048401
4053468
4053775
4056118
4058138
4059696
4061365
4061798
4062347
4062450
4062734
4063298
4068122
4068338
4069058
4071617
4074095
4074446
4074839
4076702
4076886
4080562
4083073
4083544
4083840
4084280
4084453
4085162
4087566
4088469
4098507
4100553
4103488
4109169
4111446
4114446
4115111
4115523
4118704
4122229
4125444
4125711
4125772
4127149
4128242
4128262
4129052
4132038
4136067
4137498
4138680
4139856
4143426
4145708
4148215
4148280
4153436
4153998
4154024
4154742
4155021
4163183
4164449
4164534
4170966
4173111
4174677
4175103
4176305
4178380
4178892
4179709
4185105
4185402
4186714
4187145
4188110
4189061
4195148
4195415
4198896
4199014
4200403
4201300
4202648
4202773
4205011
4205798
4207556
4209824
4209869
4210394
4211519
4213877
4214083
4217450
4218445
4218545
4220960
4221112
4226899
4227887
4231063
4231593
4232829
4235818
4236657
4237430
4237934
4238920
4239466
4241161
4241981
4242021
4244634
4245356
4245949
4251515
4254166
4262438
4263295
4263584
4263810
4264151
4265758
4266437
4268256
4269602
4270991
4272615
4275082
4276123
4277137
4278881
4280268
4280293
4281017
4282242
4282938
4285687
4286532
4286628
4289152
4293097
4295430
4296280
4297363
4298740
4300309
4302420
4309020
4310096
4311683
4312260
4313535
4314248
4320405
4322039
4323667
4327245
4327556
4332325
4332519
4332779
4338383
4339908
4341332
4342685
4342889
4344909
4344927
4345947
4350820
4351098
4351509
4351593
4351761
4354172
4355155
4355940
4356427
4358646
4360536
4361704
4362059
4364533
4368287
4368403
4370380
4370781
4371976
4372393
4372951
4375600
4376227
4376370
4378644
4380147
4381194
4381197
4381716
4386428
4388545
4389682
4390737
4392081
4392710
4392822
4393454
4394049
4394253
4395728
4396829
4399611
4400178
4400524
4402166
4404640
4407092
4408989
4409284
4409756
4409997
4410142
4411995
4412222
4414502
4416955
4417091
4417214
4418166
4421894
4422328
4423770
4424368
4426000
4426471
4430619
4432078
4434343
4434438
4435121
4435378
4436115
4437177
4439233
4439353
4440690
4444187
4444261
4444842
4446342
4447586
4449181
4449836
4454867
4455701
4456669
4457162
4462660
4463320
4463321
4466214
4466716
4467666
4468083
4468665
4469067
4470632
4472281
4475927
4476336
4479704
4481780
4482898
4483063
4483797
4484486
4485048
4485801
4487374
4487502
4488689
4489869
4490427
4493284
4493961
4497854
4499828
4501107
4503786
4508182
4509632
4510742
4511288
4512212
4513133
4513228
4515714
4515787
4515919
4516112
4517082
4518820
4519341
4520881
4521316
4523516
4526909
4527720
4529853
4530960
4532693
4532769
4534860
4539475
4539648
4540542
4542688
4545251
4546463
4550814
4552769
4552822
4554193
4554258
4555619
4558585
4558867
4561739
4564079
4564468
4566578
4566955
4569718
4570179
4579499
4583537
4584503
4586955
4591637
4596902
4602140
4602283
4602733
4602907
4604300
4606472
4608718
4609757
4611277
4613556
4614332
4615101
4616557
4617380
4617563
4617984
4619679
4620714
4621320
4622152
4622908
4625677
4628779
4628922
4629887
4629961
4631719
4632352
4632806
4633874
4634619
4635077
4635267
4635799
4636260
4636502
4636618
4637795
4638838
4640043
4642950
4643103
4647093
4650885
4653272
4653385
4654619
4654734
4655708
4655995
4657570
4659980
4659985
4660517
4661029
4663153
4665574
4666705
4666973
4667019
4668083
4668373
4669284
4670171
4671390
4671745
4678484
4682159
4683942
4684413
4686010
4689021
4692067
4693178
4693594
4693763
4693799
4695297
4695793
4696146
4698218
4701315
4705343
4707803
4708078
4713778
4713971
4714066
4714233
4715707
4716244
4719757
4720696
4721412
4721431
4721497
4726749
4726894
4729949
4730601
4731347
4731392
4733058
4733230
4734391
4734874
4736945
4738612
4738681
4740541
4742073
4742361
4743114
4743426
4746089
4748877
4752510
4752740
4754882
4755335
4759818
4760142
4760313
4760655
4765890
4770113
4771013
4774740
4775815
4778082
4778111
4779656
4780672
4781055
4782432
4783723
4788967
4790426
4791590
4793434
4794266
4795781
4796733
4798743
4798871
4799799
4800561
4801928
4801974
4801975
4805181
4805666
4807287
4808816
4810255
4811534
4812044
4812424
4814105
4814183
4816990
4818618
4818790
4819493
4820632
4820919
4821655
4822622
4823170
4824222
4825456
4826090
4826745
4826893
4828294
4829564
4829830
4830391
4835382
4837710
4838523
4838576
4841228
4842500
4846089
4848904
4849341
4850776
4852428
4855999
4859750
4861440
4861569
4862684
4863623
4869401
4869966
4871077
4871325
4876647
4877317
4879663
4879670
4881507
4881518
4885083
4885243
4885352
4885434
4887369
4887759
4890945
4891381
4892003
4893845
4894199
4895448
4896410
4898915
4904256
4906158
4907110
4908057
4910574
4910646
4914198
4915156
4915527
4915871
4917387
4917404
4919268
4919313
4919343
4921672
4922136
4922209
4926072
4926715
4927134
4929074
4931587
4933696
4933887
4935426
4935808
4939669
4944357
4945046
4945319
4945897
4947203
4948685
4950483
4950774
4952572
4955259
4957917
4958538
4958871
4959735
4960745
4961989
4962220
4962510
4963136
4964550
4966252
4967528
4968339
4969461
4974490
4978292
4979888
4982965
4986755
4994538
4996360
4998192
4998698
4998884
4999000
5000597
5002046
5002434
5002888
5004405
5005064
5007760
5007935
5011787
5012950
5013088
5015391
5017713
5019104
5019402
5020339
5020445
5020718
5021294
5021843
5024129
5024686
5025507
5027119
5028318
5029691
5031021
5031469
5032616
5033339
5035230
5037937
5040390
5042082
5042290
5044740
5045184
5047155
5048345
5049048
5049259
5050571
5057531
5063773
5064377
5066284
5066570
5067547
5068669
5073266
5083477
5085376
5086403
5087420
5090380
5091092
5098764
5099742
5102067
5103828
5107143
5107244
5110739
5111313
5111566
5116364
5117707
5119330
5120171
5125211
5127976
5128685
5128926
5130361
5133609
5137110
5139383
5139953
5143775
5144733
5145467
5147253
5148377
5152442
5152981
5157790
5161311
5165185
5165261
5165947
5166241
5167358
5167691
5167704
5170746
5173525
5174253
5176267
5179173
5179207
5179699
5180716
5181941
5188628
5192313
5192619
5193491
5193796
5194359
5196751
5198135
5200604
5201087
5202205
5203936
5204781
5205424
5205800
5209273
5210707
5213142
5214893
5215166
5219143
5220172
5220731
5221889
5224553
5224988
5226240
5226325
5229563
5229812
5231323
5232778
5235590
5237817
5239475
5240616
5241108
5245637
5245943
5250242
5252586
5258915
5259975
5261847
5261890
5262688
5263283
5264824
5266211
5266942
5268819
5270808
5274979
5275358
5276281
5276993
5277025
5277236
5277781
5278440
5279656
5280335
5280566
5280940
5285169
5286986
5290509
5292899
5295211
5298724
5298959
5306846
5307243
5308578
5310132
5311058
5311648
5313998
5316921
5319343
5319554
5320116
5321023
5323877
5323946
5325334
5327733
5328007
5330015
5330512
5332484
5334570
5342359
5347765
5348046
5351840
5352160
5356531
5357032
5360203
5361202
5365917
5367296
5369870
5370002
5370333
5373591
5375011
5377213
5377691
5379904
5381168
5383783
5385950
5387666
5388466
5388868
5391365
5392132
5394996
5403441
5405063
5405537
5406114
5406332
5407419
5408804
5409706
5410449
5411295
5411589
5414977
5415666
5416547
5417105
5417762
5417829
5418806
5419967
5421344
5424709
5425424
5426706
5428089
5429098
5430636
5432369
5432777
5432799
5433589
5434577
5434619
5436787
5437075
5438015
5438585
5439677
5442950
5444915
5445133
5445817
5447003
5447215
5447882
5449312
5449373
5454878
5460529
5463273
5463390
5464601
5464832
5466555
5469309
5470849
5471882
5477361
5479744
5481081
5481479
5481913
5485897
5486760
5488220
5490812
5490874
5492242
5493086
5493112
5493283
5494307
5494474
5495801
5500257
5501399
5502101
5520640
5520929
5522218
5522558
5522738
5523769
5523931
5525428
5526228
5527051
5527756
5528433
5528851
5530993
5532138
5532612
5533120
5533670
5534536
5535620
5537600
5540920
5542002
5542742
5543362
5543929
5544734
5545751
5545861
5547331
5547460
5549679
5549749
5554373
5561079
5561498
5561962
5562256
5562566
5562859
5565844
5565987
5567379
5568490
5569530
5571411
5572092
5576722
5577639
5579097
5579170
5580230
5580613
5581269
5581883
5583325
5584358
5584768
5590303
5590693
5591322
5591381
5591570
5591800
5593221
5593930
5594196
5594471
5594700
5596497
5597066
5600810
5602472
5602480
5602762
5602917
5609578
5611542
5614633
5615921
5617124
5617151
5619409
5620422
5621169
5621267
5621461
5623741
5625782
5626251
5628524
5634032
5634066
5634322
5634497
5634676
5635095
5638275
5638972
5639788
5641192
5641687
5643439
5644731
5644957
5646834
5649174
5651133
5652194
5661816
5662284
5662499
5665811
5667257
5668708
5668722
5671486
5671649
5671796
5672652
5672909
5674676
5674688
5674970
5677838
5679914
5681815
5682222
5682314
5682374
5684374
5684524
5687497
5687568
5690595
5694239
5696037
5696100
5700837
5701330
5703588
5703726
5704669
5706258
5706589
5707374
5718533
5720160
5721180
5722304
5723657
5724310
5725180
5727057
5727400
5729173
5729593
5733150
5733168
5734033
5734325
5735591
5738112
5738419
5738893
5739983
5740933
5743609
5744072
5744141
5744170
5749113
5750353
5753366
5754817
5759031
5759341
5759630
5760902
5760926
5761555
5761829
5763763
5767617
5771846
5772256
5773837
5774139
5774324
5775770
5776423
5778685
5781140
5781517
5781611
5782978
5785146
5786148
5786852
5786946
5788154
5789216
5789410
5789460
5790311
5791084
5793422
5793909
5794191
5795406
5795897
5801728
5802494
5805229
5805442
5805875
5807474
5811361
5814522
5814864
5816454
5817616
5817887
5820675
5825296
5830041
5831615
5833833
5833893
5833996
5836805
5838202
5839161
5841394
5844592
5848722
5850234
5853529
5855357
5857153
5857172
5857848
5858366
5859263
5859802
5861654
5861930
5862663
5862692
5866399
5869136
5869675
5871384
5872210
5873574
5876013
5876228
5877176
5877459
5879308
5881854
5882200
5883567
5886179
5890735
5890769
5891574
5892648
5892732
5895333
5895456
5896944
5898344
5898485
5900001
5902856
5905285
5905737
5907445
5909591
5911850
5912874
5913011
5913197
5914168
5914181
5916681
5917652
5918281
5919848
5920172
5922233
5924867
5926453
5928893
5933356
5936451
5936583
5937446
5940351
5942226
5945043
5949238
5950613
5950917
5953472
5953717
5954199
5954745
5958847
5960086
5960364
5961819
5964135
5967336
5968186
5969614
5972695
5973181
5974902
5975502
5979322
5981818
5983598
5986376
5986982
5988675
5989600
5989713
5990152
5994161
5994897
5995546
5998875
5999200
6001866
6003026
6005451
6006706
6006794
6010102
6016063
6019066
6019808
6019878
6020370
6023683
6027214
6032990
6033179
6033954
6035795
6036103
6036991
6037090
6037552
6042523
6043749
6046118
6048816
6050294
6051363
6053705
6057398
6058899
6059825
6061339
6064100
6064176
6065251
6065909
6068298
6069866
6072720
6075972
6078326
6078511
6078590
6087337
6088306
6089212
6090496
6090926
6092349
6093792
6094875
6095243
6098034
6098062
6098562
6099860
6100994
6101225
6103101
6104615
6105148
6109186
6109327
6113335
6113997
6114833
6115441
6118906
6125922
6126900
6131693
6137011
6139322
6141289
6143828
6144469
6145592
6148793
6149386
6150116
6152893
6153068
6153092
6154633
6157122
6157328
6161402
6163851
6164389
6164962
6167680
6168272
6170396
6170626
6172391
6175908
6176538
6177141
6183065
6183881
6184536
6186543
6187992
6189822
6190411
6190789
6191727
6192015
6193230
6193256
6195549
6196111
6198131
6198825
6199074
6199716
6202149
6202900
6204412
6205481
6205959
6207667
6210591
6213146
6214028
6219482
6220225
6223345
6223786
6225552
6226630
6228514
6228955
6229323
6229568
6231632
6231784
6232578
6233321
6235518
6237304
6239556
6239934
6240356
6245037
6246426
6246828
6247771
6249591
6252137
6253367
6254939
6257085
6261013
6271634
6273384
6273404
6275959
6276050
6277273
6278068
6279600
6279726
6281481
6288487
6296988
6297360
6301027
6301274
6302277
6302354
6302779
6304842
6306237
6307526
6310708
6311061
6311987
6313297
6315216
6316575
6321222
6322243
6322840
6323137
6328482
6332971
6337016
6337055
6337939
6338141
6338177
6338259
6342281
6342757
6343440
6344113
6344490
6344999
6346269
6346580
6347523
6351766
6355474
6355645
6360025
6361437
6362186
6366660
6366740
6366824
6370640
6371002
6378852
6380981
6383185
6383883
6383957
6385407
6388594
6391045
6392933
6393303
6399874
6400066
6400277
6400764
6402602
6402939
6403036
6406199
6408142
6409126
6410341
6411217
6414443
6419166
6419956
6420336
6421496
6428227
6428577
6430401
6430723
6431818
6432542
6434546
6435192
6436948
6437651
6438925
6440927
6441632
6443378
6443822
6445077
6445909
6447571
6447843
6451508
6454149
6455961
6456603
6457632
6461059
6462815
6463081
6464169
6464685
6464877
6465811
6467625
6477365
6477832
6478245
6480637
6482493
6483869
6484987
6491469
6493514
6494162
6494347
6495172
6495848
6496218
6496767
6496935
6497130
6497521
6499089
6499967
6500706
6500730
6501115
6502854
6505082
6506089
6506340
6507709
6509361
6510197
6513031
6513249
6513546
6513895
6516449
6517717
6520543
6521646
6524163
6529983
6531082
6531801
6533305
6533661
6534284
6535027
6537947
6539713
6539919
6540495
6543310
6545654
6547047
6551060
6551736
6556474
6557536
6558238
6559560
6559881
6560242
6566522
6570098
6572287
6573445
6576958
6577334
6577999
6578181
6578288
6579303
6583053
6583928
6585009
6585427
6585992
6587443
6589230
6590570
6591969
6592483
6592856
6593416
6595102
6599198
6600163
6600867
6604818
6605205
6609278
6610325
6611161
6612482
6612629
6612820
6613108
6614706
6615232
6615620
6618614
6619571
6620322
6624211
6624406
6627243
6627912
6632444
6635360
6636519
6637381
6638299
6638930
6639108
6639916
6641163
6642185
6648402
6648747
6651514
6651849
6652426
6655459
6655733
6656151
6657390
6660779
6663797
6663844
6664144
6667048
6667601
6668505
6668525
6671648
6672128
6673546
6675329
6675858
6679495
6679747
6681848
6682352
6682571
6683206
6683653
6683734
6687071
6689771
6690518
6691161
6692443
6693817
6694103
6694500
6697032
6699669
6701647
6704056
6705977
6707156
6707820
6713082
6714475
6715528
6719619
6719641
6720270
6720640
6722234
6723280
6724851
6727653
6730514
6733314
6736527
6743764
6744934
6745919
6746214
6751956
6751974
6752316
6754372
6754807
6757052
6757097
6762367
6762569
6766879
6767608
6773978
6778396
6779751
6781493
6784446
6784926
6786615
6791082
6794639
6795105
6795234
6797996
6800941
6804458
6805223
6805446
6806520
6806924
6809427
6811300
6811643
6812323
6812978
6814222
6814293
6814817
6814841
6816353
6819541
6820336
6821188
6821413
6824808
6826070
6827206
6827327
6827353
6828456
6830676
6831272
6832138
6833818
6833820
6836326
6836411
6838004
6842239
6846169
6846390
6849382
6849812
6850639
6853613
6856675
6857848
6858305
6858326
6858498
6858793
6859672
6859718
6862609
6863307
6866326
6868521
6872044
6873691
6874967
6878836
6880615
6881154
6882653
6883903
6884904
6885389
6886133
6886710
6891001
6894494
6894620
6894931
6896508
6896699
6897550
6897835
6898510
6901298
6903624
6904327
6907551
6907566
6909641
6909743
6913851
6917880
6920004
6920875
6922265
6922364
6926219
6926751
6928107
6934037
6935938
6936904
6938053
6939340
6939467
6940446
6941479
6941983
6942021
6944389
6945403
6946359
6947105
6948668
6950195
6951006
6951545
6955707
6959257
6965030
6966570
6967199
6971874
6972922
6974080
6975734
6976029
6976285
6976942
6977368
6977751
6978071
6978169
6979930
6984034
6985757
6988880
6990892
6991706
6997745
6999705
7000345
7000567
7000650
7002201
7002259
7006451
7009150
7011014
7011395
7015010
7020838
7021058
7021686
7022340
7023158
7023329
7023566
7025601
7026886
7027129
7027137
7027618
7028198
7028407
7030381
7030970
7031327
7031423
7032066
7033063
7034787
7035397
7041770
7042799
7043709
7045015
7047302
7049111
7049923
7049932
7052708
7057044
7058103
7060487
7062898
7062941
7067512
7067753
7068177
7068787
7069827
7070035
7071091
7073669
7075526
7075956
7076682
7077015
7084200
7085207
7085366
7086227
7087404
7089428
7092347
7093936
7097534
7099502
7103725
7105327
7106378
7109324
7111766
7113433
7124207
7125759
7126732
7127473
7129900
7130840
7132841
7134902
7138477
7138486
7140251
7142357
7142661
7145112
7147423
7156663
7159074
7161036
7164420
7166751
7170222
7173328
7173566
7173829
7174678
7175673
7177787
7178899
7179016
7184070
7185105
7187498
7188740
7190188
7190457
7191504
7192167
7193742
7194964
7195591
7196260
7197056
7197504
7200059
7201268
7202197
7203593
7205873
7205930
7206203
7208774
7211553
7211742
7213079
7213736
7213990
7214223
7214731
7218831
7221972
7223167
7223770
7223936
7227161
7227251
7231194
7231460
7232510
7233173
7236276
7237795
7238106
7239918
7240373
7240854
7242052
7243268
7248280
7248601
7250639
7251310
7253333
7254902
7257580
7259162
7259757
7260160
7262461
7262626
7263160
7266048
7267896
7269691
7271806
7276311
7276856
7281399
7281735
7287401
7288528
7289107
7307396
7308789
7309763
7315248
7316379
7320464
7320622
7320669
7321076
7323382
7325233
7326552
7327022
7327543
7329010
7330054
7333108
7336567
7338595
7339278
7345452
7345612
7345905
7346082
7346171
7346340
7347124
7348805
7352721
7352787
7355628
7356116
7357587
7359068
7359167
7359259
7363240
7364624
7366679
7367195
7367551
7368938
7370381
7375435
7376180
7376796
7377823
7379015
7382882
7383365
7383982
7384447
7384745
7385719
7386240
7390045
7390509
7393253
7398031
7398631
7399108
7400500
7409475
7414454
7415722
7415927
7418707
7418783
7419984
7422159
7422203
7422506
7423857
7423885
7425784
7427573
7431371
7432252
7434788
7435910
7438901
7440661
7440884
7441644
7442848
7442872
7443057
7443141
7446803
7451158
7452137
7452512
7453390
7455083
7455480
7455551
7457340
7457631
7458627
7460687
7462098
7462330
7466421
7466515
7466819
7466956
7466999
7469601
7471553
7474009
7475372
7478357
7483233
7483804
7484535
7486408
7489339
7493776
7495462
7496971
7497402
7499728
7500131
7500867
7502188
7503808
7503994
7506913
7507747
7508025
7510468
7510561
7511661
7512323
7513297
7513330
7516721
7518602
7519911
7523757
7523945
7524747
7526637
7526734
7529331
7530317
7532830
7532878
7534820
7534887
7539668
7549328
7552128
7555422
7555744
7556986
7562474
7563765
7567002
7567701
7568704
7572329
7572673
7573239
7573245
7575655
7575711
7578756
7579617
7582111
7584499
7585139
7588415
7593655
7595646
7597156
7597519
7597654
7604819
7605160
7607693
7611488
7612439
7612940
7615692
7617659
7622476
7623273
7624793
7626293
7628741
7630353
7630954
7631948
7632760
7633958
7634693
7635289
7635371
7636061
7640057
7640605
7642466
7642716
7643176
7643589
7643693
7646803
7646850
7647658
7654455
7654955
7658975
7659170
7659183
7660271
7660934
7670078
7678320
7678647
7678992
7690102
7690262
7691237
7692080
7694705
7696980
7699870
7700599
7700667
7703101
7705636
7706110
7712357
7714684
7714721
7715614
7717321
7718588
7718645
7719064
7722022
7727201
7729343
7731113
7733997
7736867
7737684
7738595
7742289
7743802
7744419
7745025
7745958
7746897
7748151
7750917
7751185
7753178
7754313
7757900
7758897
7759124
7760536
7762023
7762358
7762574
7762810
7763301
7763472
7763695
7766468
7767214
7768493
7768620
7769017
7769235
7769702
7773351
7773470
7773710
7775007
7775105
7777124
7781901
7782600
7784219
7787992
7791061
7791085
7792654
7794103
7795946
7796709
7797945
7798546
7798673
7801158
7802641
7807475
7807970
7808460
7809003
7814558
7818563
7821078
7822006
7822914
7823063
7823745
7828076
7829052
7829306
7831262
7832153
7834603
7839924
7841360
7842098
7845025
7846093
7846490
7847534
7847719
7847998
7850524
7850702
7851246
7856222
7857127
7859029
7865035
7867582
7868711
7869818
7870013
7870596
7873144
7877554
7878631
7879923
7883028
7884110
7884495
7886473
7886727
7887181
7887288
7887289
7889152
7894633
7896953
7899602
7899775
7901460
7903435
7906294
7906455
7906837
7909309
7910595
7912068
7913200
7913715
7913838
7914147
7914950
7917229
7918237
7922248
7924295
7924747
7925143
7926455
7926729
7926991
7934622
7934974
7936469
7939377
7941499
7944539
7948381
7948905
7949110
7950719
7952763
7953220
7953474
7953747
7959248
7959916
7960444
7962313
7966209
7970286
7970346
7978224
7978395
7979771
7982557
7982607
7987406
7988031
7988322
7989278
7989608
7994272
8002360
8005438
8010960
8019657
8022363
8023953
8024673
8028744
8028847
8028958
8029952
8031107
8031814
8033758
8035206
8035286
8037963
8039853
8040285
8040798
8044888
8046754
8049020
8050578
8051795
8052510
8053528
8053990
8055275
8056639
8056818
8057014
8058412
8060993
8061267
8063333
8064572
8066093
8068489
8071276
8072233
8073111
8074352
8076312
8076699
8080617
8081206
8081589
8082356
8088240
8088837
8089898
8090359
8091996
8092678
8093713
8096794
8098947
8099156
8099625
8100990
8105737
8107123
8109418
8110780
8111858
8112621
8112797
8114997
8115146
8115712
8116341
8117061
8117104
8117916
8118638
8118722
8121657
8124054
8125057
8127280
8127704
8132419
8132657
8133341
8137091
8137825
8139109
8139228
8139258
8139455
8140622
8141890
8143653
8146040
8148183
8148806
8149454
8151003
8151792
8152287
8155825
8158210
8159422
8159781
8160488
8160526
8161295
8163072
8165950
8166636
8166690
8168890
8172590
8172995
8173319
8176101
8178266
8180199
8180946
8185461
8187527
8187623
8190655
8192815
8192822
8194533
8194906
8198609
8199339
8199605
8201380
8201880
8202626
8206672
8208310
8209877
8210746
8212441
8213337
8216473
8218309
8220327
8223244
8223532
8227225
8227627
8229511
8230248
8230393
8230715
8230788
8231297
8233516
8236507
8238598
8240434
8242544
8243468
8243641
8243926
8244250
8245397
8246441
8248933
8249611
8250747
8252103
8252466
8253208
8255195
8255884
8256657
8257147
8259186
8259351
8259435
8260211
8260413
8262445
8263162
8263195
8263781
8265416
8267071
8267847
8269408
8271820
8273277
8274840
8275955
8277446
8277993
8279467
8279751
8282350
8284437
8285496
8286341
8289285
8290150
8291475
8295013
8295654
8295845
8297225
8297850
8298039
8298872
8304650
8305552
8305833
8306067
8308759
8309266
8312183
8314287
8316072
8323130
8323739
8324897
8328039
8329503
8330950
8331866
8334455
8339957
8342225
8345588
8346807
8347738
8348334
8349227
8349485
8355484
8356425
8358078
8358129
8358633
8358800
8361253
8361428
8363241
8364636
8365505
8369661
8371941
8374322
8375345
8375500
8377668
8378705
8379121
8379132
8380568
8381746
8382066
8382558
8387512
8391307
8392593
8397556
8397868
8402711
8407160
8409825
8410285
8410321
8411516
8413337
8421698
8421798
8422977
8423345
8423796
8424021
8425618
8428368
8428557
8435301
8437421
8438147
8438393
8439349
8440140
8444186
8445252
8445688
8446597
8447022
8447870
8448017
8449280
8449864
8452005
8452567
8452785
8453213
8454608
8457500
8463778
8464669
8465004
8465368
8465376
8465640
8466298
8469655
8472477
8472722
8473409
8475032
8478427
8478775
8479643
8485975
8489444
8490754
8499456
8499888
8502423
8502662
8507396
8507868
8515351
8515405
8515549
8516708
8517579
8518446
8519800
8519977
8521926
8522836
8523809
8524445
8525573
8526350
8527373
8527986
8529345
8529508
8530018
8530147
8530888
8531655
8533143
8538278
8538395
8539479
8539692
8543442
8544848
8546219
8546565
8548199
8549166
8549402
8550287
8553822
8558869
8559894
8561192
8561321
8563811
8567012
8567762
8570352
8572392
8576165
8577848
8578410
8579160
8580714
8582963
8585817
8585959
8586490
8588026
8593168
8594749
8601003
8602384
8604054
8605140
8614806
8616668
8617551
8618316
8618602
8620481
8620616
8622406
8633731
8633939
8634041
8636037
8646562
8648535
8653908
8655091
8655657
8658434
8662035
8662759
8662890
8665288
8666262
8667624
8669737
8671376
8674300
8675486
8675582
8676634
8677735
8679105
8679989
8680510
8680657
8680979
8681046
8683190
8693570
8695135
8696369
8699854
8701276
8702542
8702831
8703495
8705703
8706909
8707476
8709466
8713159
8713200
8714598
8714903
8719089
8719411
8720059
8721004
8723632
8728397
8729376
8729896
8732080
8732589
8734972
8738354
8740901
8743070
8745027
8745446
8748752
8751338
8754490
8760560
8761218
8764875
8765054
8766575
8767276
8768386
8768943
8771295
8773470
8775143
8775810
8777279
8779112
8782931
8784505
8790612
8794040
8794215
8795395
8795537
8796613
8805932
8806847
8808852
8811319
8815996
8816001
8817834
8818958
8819327
8824218
8827126
8827226
8827258
8828082
8828576
8829788
8833507
8837061
8837152
8838241
8839133
8839488
8841542
8843433
8847043
8850813
8851033
8859486
8860978
8861770
8862930
8863484
8864831
8865254
8865627
8871702
8871772
8871887
8874732
8878979
8881558
8883038
8883483
8884931
8884944
8886774
8889039
8889097
8894953
8897404
8897639
8899426
8900333
8900564
8902847
8904865
8905260
8907774
8907871
8907903
8907947
8909333
8910463
8912488
8912573
8913940
8915752
8918781
8919255
8919351
8919516
8919646
8921627
8922460
8922667
8924388
8925393
8926707
8926771
8927719
8928841
8930660
8932706
8934314
8937163
8939254
8940900
8940937
8942012
8945060
8946694
8947106
8947131
8950333
8951468
8951959
8954011
8955765
8958281
8958637
8958951
8959103
8960346
8962109
8962695
8964282
8964766
8967277
8967730
8969273
8969622
8972122
8973528
8976261
8976637
8977372
8980357
8982352
8982904
8987777
8987951
8994668
8995264
8996104
8996524
8997730
9002488
9004002
9007363
9007601
9012579
9012590
9013152
9017175
9017694
9018887
9028549
9029269
9032320
9032967
9033276
9038212
9038589
9038610
9039448
9039753
9039946
9041279
9046439
9047401
9049216
9051218
9051308
9056903
9057562
9057997
9061603
9063635
9066361
9066738
9067606
9068042
9068044
9068577
9068633
9068695
9068725
9068875
9069104
9070952
9076138
9077645
9079820
9081070
9081678
9081856
9082689
9083857
9084371
9086397
9087349
9090602
9092465
9095513
9095888
9096245
9098295
9099211
9101749
9103355
9105106
9108448
9108703
9109989
9111171
9113054
9116459
9117897
9118075
9119670
9122510
9122904
9125408
9126160
9126867
9128007
9128197
9130135
9130543
9131194
9131209
9133377
9134172
9134928
9135731
9137645
9138568
9145952
9147579
9148612
9153321
9153832
9154362
9155262
9155291
9155424
9162776
9162844
9163247
9168818
9169079
9171540
9173850
9176228
9176315
9176719
9178084
9181284
9184232
9187164
9188022
9188535
9190565
9192033
9192906
9194082
9194406
9197079
9197110
9198285
9198659
9201593
9202577
9203239
9205429
9207653
9207816
9208991
9213851
9214031
9214587
9218438
9218833
9219032
9219190
9219251
9220629
9225703
9227464
9229396
9231203
9233991
9234680
9235422
9237870
9244552
9245150
9249643
9252902
9253005
9253364
9254171
9254804
9255556
9255687
9256371
9256635
9257288
9263807
9265019
9267034
9271025
9271411
9271565
9271791
9272608
9273132
9275902
9278771
9280532
9282379
9283903
9284121
9284339
9284980
9287116
9287277
9287587
9288603
9291661
9292114
9294232
9295726
9297575
9299031
9300771
9305558
9305794
9307893
9308314
9308963
9309855
9312636
9313703
9313958
9316158
9316714
9318063
9318556
9323994
9325861
9327288
9328548
9328934
9328968
9329597
9330515
9331100
9332493
9335064
9335582
9337128
9339322
9339870
9342010
9342473
9343218
9343625
9345808
9350201
9353375
9357707
9360487
9361549
9366244
9367886
9368793
9370277
9372114
9372738
9374022
9376579
9381096
9384452
9385449
9388212
9389847
9391219
9393524
9397221
9404323
9404749
9410071
9410741
9412766
9412971
9414030
9417215
9417927
9418087
9420236
9421375
9422139
9425787
9425924
9425930
9428548
9428663
9429118
9432367
9437460
9437917
9438446
9439046
9443394
9444473
9446181
9447644
9449251
9450018
9451024
9451181
9452855
9453800
9459506
9460372
9460636
9463174
9463490
9471672
9472728
9473647
9474363
9480383
9482502
9483530
9484485
9486271
9486517
9487809
9490389
9491021
9492764
9493068
9493446
9493629
9498487
9498678
9499188
9499444
9500493
9501404
9501493
9502162
9503598
9503816
9506713
9508213
9509975
9516801
9517791
9523328
9523553
9524369
9524769
9525991
9527158
9527648
9529303
9529755
9530036
9531450
9531845
9533376
9533941
9539327
9540876
9541434
9542006
9542747
9545165
9545181
9546366
9547332
9547849
9548328
9548750
9548911
9554155
9557181
9558523
9560480
9561480
9561626
9564352
9564647
9565349
9566095
9567717
9567944
9569158
9570499
9573701
9576251
9578006
9578487
9578940
9579636
9580125
9584899
9585179
9587769
9591724
9594935
9597151
9597928
9598159
9598793
9599230
9600445
9601077
9601152
9601169
9605735
9607180
9607278
9608578
9610821
9611882
9615996
9616624
9618066
9620710
9621641
9626114
9626316
9627906
9631108
9634445
9634777
9634910
9634946
9638997
9640693
9643484
9643544
9644496
9648531
9650283
9650760
9657299
9657848
9658391
9658751
9659506
9661157
9662299
9663294
9664932
9666976
9667808
9668554
9668763
9672169
9673591
9674877
9675509
9676707
9677891
9678569
9679414
9679585
9680611
9681310
9681879
9683806
9685502
9686434
9687383
9691247
9691655
9691709
9694704
9698078
9698727
9699724
9700102
9700152
9702505
9703599
9705267
9706073
9706569
9709342
9709820
9709839
9710614
9711547
9712819
9716566
9717245
9718523
9723442
9724066
9725120
9725840
9727587
9728158
9729279
9730098
9736286
9737001
9737353
9738700
9739968
9741328
9741591
9742931
9743068
9744450
9745803
9745871
9745898
9746379
9748293
9751133
9752277
9752744
9753329
9754395
9754698
9754973
9757852
9758028
9762662
9763036
9764535
9765895
9766269
9769130
9770116
9775806
9778410
9778517
9781378
9781605
9782183
9782907
9782994
9783686
9784085
9785281
9786055
9788080
9788673
9788807
9792691
9793065
9793166
9794204
9794665
9795386
9796153
9797187
9797491
9798104
9799340
9803622
9804087
9804897
9805279
9805409
9807007
9807487
9810511
9810870
9812086
9815405
9817237
9817419
9817999
9822462
9824378
9825131
9830253
9832957
9835009
9835516
9836696
9837027
9837457
9837488
9837799
9842623
9845096
9845341
9845343
9846220
9848716
9849432
9850797
9854385
9854763
9856044
9857888
9861988
9863421
9867089
9867690
9868592
9868774
9869105
9869782
9870786
9873211
9874049
9874650
9881192
9883091
9885565
9886317
9889701
9890343
9895258
9897428
9898354
9898929
9903025
9904685
9906670
9911967
9912323
9915829
9917064
9918216
9920213
9920487
9925558
9926085
9926413
9927016
9930489
9931575
9932533
9933122
9937218
9939443
9941718
9943714
9944121
9944600
9949021
9951629
9954477
9954521
9954644
9955539
9956159
9958335
9959803
9960512
9962613
9965907
9966369
9969399
9971101
9972372
9973224
9974138
9974218
9974276
9978853
9980145
9985521
9987290
9990253
9990965
9995128
9996320
9997811
9998878
9999098
9999791
